2 4
0111
0010

ans: 5

---------

2 4
0111
0110

ans: -1

----------

1 1
0

ans: 1

----------

5 8
01000000
01010000
01010000
01010011
00010010

ans: 20

----------

6 7
0000000
0111111
0100010
0101010
0101010
0001010

ans: 12

---------

8 8
01000100
01010100
01010100
01010100
01010100
01010100
01010100
00010100

ans: 29

----------

3 3
011
111
110

ans: -1

-----------

3 6
010000
010111
000110

ans: 12

-----------

3 3
000
000
000

ans: 5

----------

4 4
0101
0101
0001
1110

ans: 7

5 5
01000
01010
01010
01011
00010

ans: 9

--------

5 5
00000
11101
00001
01111
00010

ans: 15

-------
5 5
01000
01010
01010
01011
00010

ans: 9

------
10 2
01
00
10
00
01
00
10
00
01
00

ans:13

------
5 5
00100
00000
10010
00101
00010

ans:9

------
9 9
010001000
010101010
010101010
010101010
010101010
010101010
010101010
010101011
000100010

ans:33

--------
6 6
010001
010101
010101
010101
010110
000110

ans:21

---------
5 5
00100
11000
00110
01011
00000

ans:9

------------
8 8
01000100
01010100
01010100
01010100
01010100
01010100
01010100
00010100

답 29


5 10
0000011000
1101011010
0000000010
1111111110
1111000000

답 14


5 5
01100
01000
01110
01000
00010

답 9


8 4
0000
0110
1110
0000
0111
0000
1110
0000

답 11


6 4
0000
1110
0110
0000
0111
0000

답 9


8 8
01000100
01010100
01010100
01010100
01010100
01010100
01010100
00010100

답 29