9
4 4
1 2 3 4
5 6 7 8
9 10 11 12
13 14 15 16
4 3
1 2 3
4 5 6
7 8 9
10 11 12
3 4
1 2 3 4
5 6 7 8
9 10 11 12
3 3
1 2 3
4 5 6
7 8 9
4 2
5 5
5 1
5 5
5 5
4 4
1 1 1 1
1 1 1 1
1 1 1 5
1 1 1 1
2 3
1 1 1
1 1 1
1 2
1 2
2 1
1
2
4 4
2 1 2 2
2 2 2 2
2 2 2 2
2 2 2 2

6 6
4 4 4 4 4 4
4 3 4 3 3 3
4 4 4 4 4 4
4 4 1 4 4 4
4 4 4 4 4 4
4 4 4 4 4 4
2 2
1 1
2 2
4 4
5 5 5 5
1 5 5 5
5 5 5 5
5 5 5 5
4 4
100 100 100 100
100 100 100 100
100 1 100 100
100 100 100 100
4 4
100 1 100 100
100 100 100 100
100 100 100 100
100 100 100 100
4 2
1 3
3 1
1 3
1 3
16 16
4 3 5 7 5 3 5 5 4 3 5 7 5 3 5 5
4 3 5 7 5 3 5 5 4 3 5 7 5 3 5 5
4 3 5 7 5 3 5 5 4 3 5 7 5 3 5 5
4 3 5 7 5 3 5 5 4 3 5 7 5 3 5 5
4 3 5 7 5 3 5 5 4 3 5 7 5 3 5 5
4 3 5 7 5 3 5 5 4 3 5 7 5 3 5 5
4 3 5 7 5 3 5 5 4 3 5 7 5 3 5 5
4 3 5 7 5 3 5 5 4 3 5 7 5 3 5 5
4 1 5 7 5 3 5 5 4 3 5 7 5 3 5 5
4 3 5 7 5 3 5 5 4 3 5 7 5 3 5 5
4 3 5 7 5 3 5 5 4 3 5 7 5 3 5 5
4 3 5 7 5 3 5 5 4 3 5 7 5 3 5 5
4 3 5 7 5 3 5 5 4 3 5 7 5 3 5 5
4 3 5 7 5 3 5 5 4 3 5 7 5 3 5 5
4 3 5 7 5 3 5 5 4 3 5 7 5 3 5 5
4 3 5 7 5 3 5 5 4 3 5 7 5 3 5 5
4 4
1 1 1 1
1 1 1 1
1 1 1 5
1 1 1 1
6 4
2 1 2 2
2 2 2 2
2 2 2 2
2 2 2 2
2 2 2 2
2 2 2 2
6 4
2 2 2 2
2 2 2 2
2 2 2 2
2 2 1 2
2 2 2 2
2 2 2 2
4 4
100 100 100 100
100 100 100 100
100 1 100 100
100 100 100 100